image_width: 1920
image_height: 1080
camera_name: csi_cam_0
camera_matrix:
  rows: 3
  cols: 3
  data: [1615.80, 0, 901.27, 0, 1604.19, 528.65, 0, 0, 1]
distortion_model: plumb_bob
distortion_coefficients:
  rows: 1
  cols: 5
  data: [-0.445384, 0.238958, -0.007020, 0.012298, 0]
rectification_matrix:
  rows: 3
  cols: 3
  data: [1, 0, 0, 0, 1, 0, 0, 0, 1]
projection_matrix:
  rows: 3
  cols: 4
  data: [4827.94, 0, 1223.5, 0, 0, 4835.62, 1024.5, 0, 0, 0, 1, 0]
  [1355.11, 0, 921.70, 0, 0, 1519.72, 522.60, 0, 0, 0, 1, 0]